mtllib materials.mtl
v -0.5792875 0.3579664 -0.1251246
v -0.5351923 0.3579973 -0.1026388
v -0.5528144 -0.01880129 -0.06756401
v -0.5969097 -0.01883213 -0.09004974
v -0.5128247 0.3528687 -0.1464953
v -0.2498542 0.3530528 -0.01239741
v -0.2722217 0.3581813 0.03145909
v -0.5569199 0.3528379 -0.168981
v -0.5745421 -0.02396066 -0.1339062
v -0.5304468 -0.02392979 -0.1114204
v -0.5478912 -0.055115 -0.0771687
v -0.5919864 -0.05514584 -0.09965444
v -0.5304468 -0.02392982 -0.1114204
v -0.5745421 -0.02396069 -0.1339062
v -0.5316025 -0.0992438 -0.109051
v -0.5756978 -0.09927468 -0.1315367
v -0.5141582 -0.06805865 -0.1433027
v -0.5582534 -0.0680895 -0.1657884
v -0.5164606 -0.1172897 -0.1387199
v -0.5605559 -0.1173206 -0.1612057
v -0.5141581 -0.06805865 -0.1433026
v -0.5582534 -0.0680895 -0.1657884
v -0.3538257 -0.1545794 -0.4576004
v -0.397921 -0.1546102 -0.4800863
v -0.2645833 -0.06788401 -0.01603532
v -0.2668859 -0.1171151 -0.01145256
v -0.5577908 -0.05819686 -0.1667093
v -0.5136955 -0.05816601 -0.1442235
v -0.3956186 -0.1053792 -0.4846691
v -0.3515232 -0.1053483 -0.4621831
v -0.3538258 -0.1545794 -0.4576005
v -0.397921 -0.1546102 -0.4800862
v -0.09675908 -0.1051705 -0.3322693
v -0.09906149 -0.1544015 -0.3276865
v -0.3937201 -0.09764828 -0.4884024
v -0.3496248 -0.0976174 -0.4659165
v -0.3804767 -0.1234251 -0.514338
v -0.3363813 -0.1233942 -0.4918522
v -0.3483962 -0.169289 -0.4682279
v -0.3924915 -0.1693199 -0.4907136
v -0.3780379 -0.1190654 -0.5191264
v -0.3339426 -0.1190345 -0.4966407
v -0.375047 -0.1381347 -0.5249653
v -0.3309518 -0.1381038 -0.5024796
v -0.3483962 -0.1692891 -0.4682279
v -0.3924915 -0.1693198 -0.4907136
v 0.1227003 -0.1377878 -0.2711452
v 0.105256 -0.168973 -0.2368936
v -0.3713295 -0.1357016 -0.5322588
v -0.3272343 -0.1356708 -0.509773
v -0.3701239 -0.1744484 -0.5345701
v -0.3260286 -0.1744176 -0.5120844
v -0.5039935 -0.07038929 -0.1632327
v -0.2544187 -0.07021464 -0.03596535
v -0.104251 -0.1544047 -0.3303331
v -0.1019485 -0.1051737 -0.3349159
v -0.06050599 -0.06774162 0.08803117
v -0.06280851 -0.1169727 0.09261394
v -0.5150275 0.3057689 -0.1421109
v -0.252057 0.305953 -0.00801307
v -0.2898439 -0.01861723 0.0665338
v -0.2674763 -0.02374576 0.02267742
v -0.04903615 0.3531933 0.09000683
v -0.07140362 0.3583218 0.1338633
v -0.3439523 -0.1143713 -0.4770176
v -0.0891881 -0.1141935 -0.3471037
v -0.08161712 -0.1232164 -0.3619382
v 0.09899068 -0.1050336 -0.2324489
v 0.09668815 -0.1542646 -0.2278662
v -0.05034137 -0.07007225 0.06810117
v 0.09982622 -0.1542624 -0.2262666
v 0.1021289 -0.1050313 -0.2308494
v -0.04807556 -0.06773292 0.09436989
v -0.05037796 -0.116964 0.09895265
v 0.1065615 -0.1140565 -0.2472834
v 0.1141325 -0.1230795 -0.2621179
v 0.1152194 -0.1230806 -0.2615635
v 0.09777474 -0.1542658 -0.2273118
v 0.1206489 -0.1377902 -0.2721908
v 0.1032044 -0.1689754 -0.2379392
v 0.1328393 -0.1230684 -0.2525783
v 0.1153947 -0.1542536 -0.2183267
v -0.322311 -0.1719845 -0.5193778
v -0.3272342 -0.1356707 -0.509773
v 0.1276234 -0.1741015 -0.28075
v 0.1351308 -0.1377791 -0.2648065
v 0.1176864 -0.1689643 -0.2305549
v 0.1114211 -0.1050248 -0.2261102
v 0.1091186 -0.1542559 -0.2215275
v 0.1265631 -0.1230708 -0.2557792
v 0.118662 -0.1050198 -0.2224177
v 0.1163596 -0.1542508 -0.217835
v -0.04017675 -0.07240285 0.0481711
v -0.03001201 -0.07473345 0.02824104
v -0.01984727 -0.07706405 0.008311033
v -0.009682655 -0.07939465 -0.01161897
v 0.0004819632 -0.08172525 -0.03154904
v 0.0106467 -0.08405586 -0.05147907
v 0.02081144 -0.08638646 -0.07140911
v 0.03097606 -0.08871706 -0.09133914
v 0.04114068 -0.09104766 -0.1112692
v 0.05130541 -0.09337823 -0.1311992
v 0.06147015 -0.09570886 -0.1511292
v 0.07163477 -0.09803946 -0.1710593
v 0.08179939 -0.1003701 -0.1909893
v 0.09196413 -0.1027007 -0.2109194
v 0.1145593 -0.1050226 -0.2245107
v 0.1122568 -0.1542537 -0.2199279
v 0.133804 -0.1230657 -0.2520867
v 0.1382688 -0.137778 -0.2632056
v 0.1208245 -0.1689632 -0.228954
v 0.131341 -0.1716685 -0.2880435
v 0.1264178 -0.1353547 -0.2784387
v 0.1400539 -0.1740928 -0.2744113
v -0.05123889 0.3060935 0.09439111
v -0.08902586 -0.01847668 0.168938
v -0.06665826 -0.02360521 0.1250817
v -0.05344164 0.2589937 0.09877551
v -0.05564439 0.2118939 0.1031599
v -0.05784714 0.1647941 0.1075442
v -0.06004989 0.1176942 0.1119286
v -0.06225264 0.07059442 0.116313
v -0.06445539 0.02349459 0.1206973
v -0.1832659 -0.08652885 -0.1754756
v -0.1731013 -0.08885945 -0.1954056
v -0.4328407 -0.08670349 -0.3027428
v -0.422676 -0.0890341 -0.3226728
v -0.1426072 -0.09585126 -0.2551957
v -0.1324426 -0.09818186 -0.2751257
v -0.392182 -0.0960259 -0.382463
v -0.3820173 -0.0983565 -0.402393
v -0.4734994 -0.07738109 -0.2230227
v -0.4633347 -0.07971169 -0.2429528
v -0.21376 -0.07953705 -0.1156855
v -0.2239246 -0.07720645 -0.09575546
v -0.1629366 -0.09119006 -0.2153357
v -0.1527718 -0.09352066 -0.2352657
v -0.4125113 -0.0913647 -0.3426029
v -0.4023467 -0.0936953 -0.3625329
v -0.3718526 -0.1006871 -0.422323
v -0.3616879 -0.1030177 -0.4422531
v -0.1121131 -0.1028431 -0.3149859
v -0.1222779 -0.1005125 -0.2950558
v -0.2035953 -0.08186765 -0.1356155
v -0.1934305 -0.08419825 -0.1555456
v -0.4531701 -0.08204229 -0.2628828
v -0.4430054 -0.08437289 -0.2828128
v -0.4938288 -0.07271989 -0.1831627
v -0.4836641 -0.07505049 -0.2030927
v -0.2340893 -0.07487585 -0.07582545
v -0.244254 -0.07254525 -0.05589539
v -0.2031326 -0.07197501 -0.1365364
v -0.2132974 -0.06964441 -0.1166063
v -0.2437913 -0.0626526 -0.05681628
v -0.2539561 -0.060322 -0.03688622
v -0.3917193 -0.08613326 -0.3833838
v -0.401884 -0.08380266 -0.3634538
v -0.4120487 -0.08147205 -0.3435237
v -0.4222134 -0.07914145 -0.3235937
v -0.4323781 -0.07681085 -0.3036637
v -0.4425427 -0.07448025 -0.2837337
v -0.4527074 -0.07214965 -0.2638037
v -0.4628721 -0.06981905 -0.2438736
v -0.4933661 -0.06282724 -0.1840836
v -0.5035308 -0.06049664 -0.1641535
v -0.3951559 -0.09548654 -0.4855899
v -0.3510606 -0.09545566 -0.463104
v -0.3612252 -0.09312506 -0.4431739
v -0.37139 -0.09079446 -0.4232439
v -0.3815547 -0.08846386 -0.4033138
v -0.3917193 -0.08613326 -0.3833838
v -0.401884 -0.08380266 -0.3634538
v -0.4120487 -0.08147205 -0.3435237
v -0.4222134 -0.07914145 -0.3235937
v -0.4323781 -0.07681085 -0.3036637
v -0.4425427 -0.07448025 -0.2837337
v -0.4527074 -0.07214965 -0.2638037
v -0.4628721 -0.06981905 -0.2438736
v -0.4730368 -0.06748845 -0.2239436
v -0.4832014 -0.06515785 -0.2040136
v -0.4933661 -0.06282724 -0.1840836
v -0.5035308 -0.06049664 -0.1641535
v -0.3785783 -0.1156942 -0.5180713
v -0.3344829 -0.1156633 -0.4955856
v -0.3420539 -0.1066404 -0.480751
v -0.3664063 -0.1720153 -0.5418636
v -0.322311 -0.1719845 -0.5193778
v 0.131341 -0.1716685 -0.2880434
v 0.1264178 -0.1353547 -0.2784387
v 0.1437713 -0.1716598 -0.2817048
v 0.1388483 -0.135346 -0.2721
v -0.223462 -0.06731381 -0.09667632
v -0.2336266 -0.0649832 -0.07674631
v -0.1421446 -0.08595861 -0.2561166
v -0.1523092 -0.08362801 -0.2361866
v -0.1624739 -0.08129741 -0.2162565
v -0.1726387 -0.07896681 -0.1963265
v -0.1828033 -0.07663621 -0.1763965
v -0.1929679 -0.07430561 -0.1564665
v -0.2031326 -0.07197501 -0.1365364
v -0.2132974 -0.06964441 -0.1166063
v -0.4730368 -0.06748845 -0.2239436
v -0.4832014 -0.06515785 -0.2040136
v -0.223462 -0.06731381 -0.09667632
v -0.2336266 -0.0649832 -0.07674631
v -0.2437913 -0.0626526 -0.05681628
v -0.2539561 -0.060322 -0.03688622
v 0.0009446144 -0.07183258 -0.0324699
v -0.009220004 -0.06950198 -0.0125398
v -0.01938474 -0.06717141 0.007390141
v -0.02954948 -0.06484081 0.02732015
v -0.0397141 -0.06251021 0.04725027
v -0.04987872 -0.06017961 0.06718034
v -0.3726083 -0.133775 -0.5297538
v -0.328513 -0.1337441 -0.507268
v -0.2586653 0.1646535 0.005140007
v -0.260868 0.1175537 0.009524345
v -0.2542597 0.2588531 -0.003628731
v -0.2564625 0.2117533 0.0007556677
v -0.2630708 0.0704539 0.01390874
v -0.2652736 0.02335407 0.01829308
v -0.5216358 0.1644695 -0.1289579
v -0.5238385 0.1173697 -0.1245735
v -0.5172302 0.2586691 -0.1377266
v -0.519433 0.2115693 -0.1333422
v -0.5260413 0.07026984 -0.1201891
v -0.528244 0.02317004 -0.1158048
v 0.4234463 -0.01811813 0.430267
v 0.379351 -0.01814894 0.4077812
v 0.3969735 0.3586498 0.3727061
v 0.4410686 0.3586806 0.395192
v 0.134003 0.3584657 0.2386076
v 0.1563706 0.3533372 0.1947512
v 0.4193411 0.3535212 0.3288497
v 0.4017186 -0.02327748 0.3639247
v 0.4458138 -0.02324657 0.3864106
v 0.4498178 -0.02416466 0.3785602
v 0.4057226 -0.02419554 0.3560743
v 0.4634362 0.353552 0.3513355
v 0.4283694 -0.05443181 0.4206622
v 0.3842741 -0.0544626 0.3981764
v 0.4017186 -0.02327748 0.3639247
v 0.4458139 -0.02324663 0.3864105
v 0.4446583 -0.09856065 0.3887801
v 0.4005631 -0.09859152 0.3662943
v 0.4180075 -0.06740634 0.3320426
v 0.4621028 -0.06737547 0.3545284
v 0.4598002 -0.1166065 0.3591112
v 0.415705 -0.1166374 0.3366255
v 0.4180074 -0.06740637 0.3320426
v 0.4621028 -0.06737547 0.3545284
v 0.6224352 -0.1538963 0.04023051
v 0.5783398 -0.1539272 0.01774454
v 0.1661299 -0.1168121 0.2093581
v 0.1684326 -0.06758107 0.2047754
v 0.5806422 -0.1046961 0.0131619
v 0.6247376 -0.1046653 0.03564757
v 0.6252004 -0.09477256 0.03472662
v 0.581105 -0.09480344 0.01224101
v 0.6224352 -0.1538963 0.04023051
v 0.5783399 -0.1539273 0.01774454
v 0.3235751 -0.154106 -0.1121686
v 0.3258777 -0.1048749 -0.1167515
v 0.5957841 -0.1227421 -0.01650709
v 0.6398796 -0.1227112 0.005978763
v 0.6417781 -0.1149803 0.002245307
v 0.5976826 -0.1150111 -0.02024055
v 0.6278646 -0.1686059 0.02960312
v 0.5837694 -0.1686369 0.007117212
v 0.6012138 -0.1374517 -0.02713454
v 0.6453091 -0.1374208 -0.004648745
v 0.6477481 -0.1330609 -0.009437323
v 0.6036528 -0.1330917 -0.03192309
v 0.6278647 -0.1686059 0.02960312
v 0.5837696 -0.1686369 0.007117271
v 0.1301167 -0.1689558 -0.2242163
v 0.147561 -0.1377705 -0.2584679
v 0.606137 -0.1737654 -0.03673932
v 0.6502323 -0.1737344 -0.01425326
v 0.65395 -0.1713013 -0.02154672
v 0.6098547 -0.1713323 -0.04403284
v 0.1785969 -0.06991164 0.1848453
v 0.428172 -0.069737 0.3121127
v 0.3310672 -0.1048707 -0.1141054
v 0.3287649 -0.1541019 -0.1095227
v -0.03794754 -0.1169554 0.1052916
v -0.03564513 -0.06772427 0.1007088
v 0.1541675 0.3062375 0.1991355
v 0.4171382 0.3064214 0.3332341
v 0.1387483 -0.02346145 0.2298262
v 0.1163807 -0.01833294 0.2736827
v -0.06681502 0.3583252 0.136203
v -0.04444742 0.3531967 0.09234667
v 0.3334485 -0.1138978 -0.1315861
v 0.5882132 -0.1137191 -0.001672685
v 0.3410196 -0.1229209 -0.1464205
v 0.1278249 -0.1542429 -0.2119884
v 0.1301274 -0.1050119 -0.2165712
v -0.02548087 -0.07005481 0.08077872
v 0.1269897 -0.105014 -0.2181718
v 0.1246874 -0.1542451 -0.2135891
v -0.05037796 -0.1169641 0.09895277
v -0.04807556 -0.06773295 0.09437001
v 0.1376982 -0.1140348 -0.2314059
v 0.1452694 -0.1230579 -0.2462403
v 0.1267382 -0.1542457 -0.2125424
v 0.1441824 -0.1230605 -0.2467943
v 0.1496121 -0.1377702 -0.2574216
v 0.1321677 -0.1689553 -0.2231697
v 0.1091181 -0.1542581 -0.2215274
v 0.1265624 -0.1230729 -0.2557793
v 0.1524843 -0.1740844 -0.2680724
v 0.1562017 -0.1716512 -0.2753661
v 0.1512783 -0.1353373 -0.2657617
v 0.1176862 -0.1689645 -0.230555
v 0.1351305 -0.1377793 -0.2648066
v 0.1153946 -0.1542517 -0.2183271
v 0.117697 -0.1050206 -0.22291
v 0.132839 -0.1230666 -0.252579
v 0.1081536 -0.1542567 -0.2220196
v 0.1104561 -0.1050256 -0.2266022
v 0.1145594 -0.1050227 -0.2245106
v 0.1168246 -0.1026832 -0.1982421
v 0.10666 -0.1003527 -0.178312
v 0.09649503 -0.09802197 -0.1583821
v 0.08633065 -0.09569149 -0.1384518
v 0.07616556 -0.09336077 -0.1185219
v 0.06600106 -0.09103025 -0.09859177
v 0.05583632 -0.08869962 -0.0786618
v 0.04567206 -0.08636911 -0.05873159
v 0.03550696 -0.08403842 -0.03880164
v 0.02534235 -0.08170785 -0.01887155
v 0.01517761 -0.07937719 0.001058459
v 0.005013227 -0.07704668 0.02098858
v -0.005151629 -0.07471599 0.04091853
v -0.01531613 -0.07238545 0.06084865
v 0.1122569 -0.1542538 -0.2199278
v 0.125598 -0.1230716 -0.2562713
v 0.1319919 -0.1377826 -0.2664065
v 0.1145476 -0.1689678 -0.2321548
v 0.1400539 -0.174093 -0.2744114
v 0.1437712 -0.1716598 -0.2817049
v 0.1388478 -0.1353461 -0.2721002
v -0.04665089 0.3060969 0.09673083
v -0.06206977 -0.02360202 0.1274216
v -0.08443737 -0.01847343 0.1712781
v -0.05986762 0.02349786 0.1230372
v -0.05766463 0.07059772 0.1186528
v -0.055462 0.1176976 0.1142684
v -0.0532589 0.1647974 0.109884
v -0.0510565 0.2118973 0.1054995
v -0.04885352 0.2589971 0.1011152
v 0.2497498 -0.08622582 0.04533494
v 0.2599142 -0.08855636 0.02540481
v 0.5094894 -0.08838175 0.1526723
v 0.4993248 -0.08605121 0.1726023
v 0.2904084 -0.0955482 -0.03438529
v 0.3005729 -0.09787871 -0.05431545
v 0.5501481 -0.09770416 0.07295209
v 0.5399835 -0.09537362 0.0928821
v 0.2192556 -0.07923399 0.1051251
v 0.2090911 -0.07690342 0.1250552
v 0.4688307 -0.07905938 0.2323926
v 0.4586661 -0.07672878 0.2523225
v 0.2700789 -0.09088697 0.005474746
v 0.2802435 -0.09321751 -0.01445532
v 0.5298188 -0.09304295 0.1128122
v 0.5196542 -0.09071238 0.1327422
v 0.3209023 -0.1025399 -0.09417552
v 0.3107376 -0.1002093 -0.07424542
v 0.5704776 -0.1023654 0.03309196
v 0.5603129 -0.1000348 0.05302203
v 0.2294203 -0.08156459 0.08519506
v 0.2395849 -0.08389516 0.06526494
v 0.4891602 -0.08372058 0.1925324
v 0.4789954 -0.08138998 0.2124625
v 0.1989262 -0.07457282 0.1449853
v 0.1887617 -0.07224225 0.1649153
v 0.4485015 -0.07439817 0.2722526
v 0.4383367 -0.0720676 0.2921826
v 0.1892242 -0.0623496 0.1639944
v 0.1790594 -0.060019 0.1839244
v 0.2095536 -0.06701075 0.1241343
v 0.1993887 -0.06468014 0.1440644
v 0.2298828 -0.07167192 0.08427417
v 0.2197181 -0.06934132 0.1042042
v 0.2502123 -0.07633315 0.04441404
v 0.2400475 -0.07400249 0.06434405
v 0.2705414 -0.08099426 0.004553795
v 0.2603767 -0.07866366 0.02448392
v 0.2908709 -0.0856555 -0.03530625
v 0.280706 -0.0833248 -0.01537627
v 0.3112001 -0.09031664 -0.0751664
v 0.3010354 -0.08798598 -0.0552364
v 0.3315297 -0.09497796 -0.1150264
v 0.3213649 -0.09264724 -0.09509653
v 0.3429179 -0.11519 -0.1501541
v 0.3353468 -0.1061669 -0.1353197
v -0.0461483 -0.1232028 -0.3438503
v -0.05371952 -0.1141796 -0.3290159
v -0.2838498 -0.1053218 -0.4276834
v -0.2940149 -0.102991 -0.4077536
v -0.2763251 -0.1006383 -0.3736149
v -0.2864901 -0.09830768 -0.353685
v -0.2006298 -0.09590529 -0.2847887
v -0.210795 -0.09357457 -0.2648588
v -0.2410271 -0.09125276 -0.2551574
v -0.2511919 -0.08892213 -0.2352273
v -0.2653958 -0.08659653 -0.2173619
v -0.2755609 -0.08426584 -0.1974319
v -0.08624494 -0.08179013 -0.07577392
v -0.09640968 -0.07945947 -0.05584392
v -0.1504595 -0.07715692 -0.05829403
v -0.1606244 -0.07482623 -0.03836405
v -0.1746732 -0.07250519 -0.02041274
v -0.1848379 -0.07017456 -0.0004826784
v 0.5976826 -0.1150111 -0.02024055
v 0.5901117 -0.1059882 -0.005406201
v 0.6098547 -0.1713323 -0.04403293
v 0.6049315 -0.1350185 -0.03442815
v 0.6490268 -0.1349877 -0.01194227
v 0.6049315 -0.1350185 -0.03442806
v 0.581105 -0.09480347 0.01224089
v 0.5709403 -0.09247275 0.03217101
v 0.5607755 -0.09014212 0.05210114
v 0.5506109 -0.08781148 0.07203114
v 0.5404462 -0.08548097 0.09196121
v 0.5302814 -0.08315031 0.1118913
v 0.5201168 -0.08081971 0.1318213
v 0.5099521 -0.07848908 0.1517514
v 0.4997874 -0.07615857 0.1716814
v 0.4896228 -0.07382791 0.1916116
v 0.4794581 -0.07149734 0.2115417
v 0.4692934 -0.06916673 0.2314718
v 0.4591287 -0.06683613 0.2514017
v 0.4489641 -0.06450553 0.2713318
v 0.4387994 -0.06217499 0.2912618
v 0.4286346 -0.05984436 0.3111919
v 0.4625654 -0.05748285 0.3536076
v 0.41847 -0.05751376 0.3311218
v 0.4286346 -0.05984436 0.3111919
v 0.4387994 -0.06217499 0.2912618
v 0.4489641 -0.06450553 0.2713318
v 0.4591287 -0.06683613 0.2514017
v 0.4692934 -0.06916673 0.2314718
v 0.4794581 -0.07149734 0.2115417
v 0.4896228 -0.07382791 0.1916116
v 0.4997874 -0.07615857 0.1716814
v 0.5099521 -0.07848908 0.1517514
v 0.5201168 -0.08081971 0.1318213
v 0.5302814 -0.08315028 0.1118913
v 0.5404462 -0.08548094 0.09196121
v 0.5506109 -0.08781148 0.07203114
v 0.5607755 -0.09014212 0.05210114
v 0.5709403 -0.09247272 0.03217107
v 0.6266361 -0.09693433 0.03191411
v 0.5825406 -0.09696521 0.009428501
v 0.5901117 -0.1059881 -0.005406141
v 0.6423186 -0.1183513 0.001190186
v 0.5982231 -0.1183821 -0.02129567
v 0.3429179 -0.1151899 -0.150154
v 0.1471676 -0.1153269 -0.2499738
v 0.3353468 -0.1061669 -0.1353197
v 0.1395963 -0.1063038 -0.2351394
v 0.3315297 -0.09497799 -0.1150265
v 0.1274521 -0.09512134 -0.219093
v 0.3213649 -0.09264724 -0.09509659
v 0.117287 -0.09279053 -0.1991633
v 0.3112001 -0.09031664 -0.0751664
v 0.1071224 -0.09045993 -0.1792331
v 0.3010354 -0.08798601 -0.05523646
v 0.09695745 -0.08812927 -0.1593031
v 0.2908709 -0.08565553 -0.03530627
v 0.08679307 -0.08579879 -0.1393728
v 0.280706 -0.0833248 -0.01537633
v 0.07662797 -0.08346809 -0.1194429
v 0.2705414 -0.08099426 0.004553795
v 0.06646347 -0.08113752 -0.09951276
v 0.2603767 -0.07866366 0.02448392
v 0.05629873 -0.07880689 -0.07958278
v 0.2502123 -0.07633315 0.04441404
v 0.04613447 -0.07647641 -0.0596526
v 0.2400475 -0.07400249 0.06434405
v 0.03596938 -0.07414575 -0.03972265
v 0.2298828 -0.07167192 0.08427417
v 0.02580476 -0.07181515 -0.0197925
v 0.2197181 -0.06934132 0.1042042
v 0.01564002 -0.06948449 0.0001375079
v 0.2095753 -0.06654809 0.1240912
v 0.005497336 -0.06669132 0.02002454
v 0.1994104 -0.06421749 0.1440213
v -0.00466764 -0.06436066 0.03995454
v 0.1892242 -0.0623496 0.1639944
v -0.01485384 -0.06249277 0.0599277
v 0.1790594 -0.060019 0.1839244
v -0.02501857 -0.06016214 0.07985783
v -0.04425013 -0.1154718 -0.3475839
v -0.05182135 -0.1064486 -0.3327494
v -0.3329769 -0.1234121 -0.4901136
v -0.3405482 -0.1143889 -0.475279
v -0.2833874 -0.09542911 -0.4286046
v -0.2935525 -0.09309827 -0.4086749
v -0.3515445 -0.1053729 -0.462205
v -0.3617097 -0.1030421 -0.4422753
v -0.2758627 -0.09074561 -0.374536
v -0.2860277 -0.08841495 -0.354606
v -0.3718817 -0.1007092 -0.4223441
v -0.3820467 -0.09837846 -0.4024143
v -0.3310787 -0.1156811 -0.4938471
v -0.3386499 -0.106658 -0.4790125
v -0.3409138 -0.1234178 -0.4941608
v -0.3484849 -0.1143946 -0.4793262
v -0.3510821 -0.09548019 -0.4631262
v -0.3612473 -0.09314935 -0.4431966
v -0.3714193 -0.09081642 -0.4232653
v -0.3815842 -0.08848576 -0.4033353
v 0.1562017 -0.1716512 -0.2753659
v 0.1512783 -0.1353373 -0.2657614
v -0.3390155 -0.1156868 -0.4978943
v -0.3465868 -0.1066636 -0.4830598
v -0.2001675 -0.08601259 -0.2857097
v -0.2103325 -0.0836819 -0.2657798
v -0.2405647 -0.08136003 -0.2560783
v -0.2507294 -0.07902943 -0.2361484
v -0.2649333 -0.07670383 -0.2182829
v -0.2750984 -0.0743732 -0.1983529
v -0.08578253 -0.0718974 -0.07669491
v -0.09594727 -0.06956677 -0.05676487
v -0.1499754 -0.06680156 -0.0592581
v -0.1601404 -0.0644709 -0.03932807
v -0.1742109 -0.06261249 -0.02133369
v -0.1843756 -0.06028189 -0.00140357
v 0.1475593 0.1649379 0.2122887
v 0.1453563 0.1178381 0.2166731
v -0.2967939 0.1175311 -0.008789539
v -0.294591 0.164631 -0.01317394
v 0.1431535 0.07073824 0.2210575
v 0.1409507 0.02363841 0.2254418
v -0.3735322 0.02328153 -0.03689075
v -0.3713294 0.07038136 -0.04127508
v 0.1519648 0.2591376 0.2035199
v 0.1497618 0.2120378 0.2079043
v 0.4127327 0.2122217 0.3420029
v 0.4149355 0.2593215 0.3376185
v 0.4105299 0.1651219 0.3463873
v 0.4061242 0.07092221 0.3551561
v 0.408327 0.118022 0.3507717
v -0.2204372 -0.02371489 0.04667354
v -0.2182349 0.02338494 0.04228914
v 0.4039215 0.02382235 0.3595405
v 0.4079254 0.02290432 0.3516899
v 0.1449543 0.02272038 0.2175912
v 0.4101281 0.07000412 0.3473055
v 0.1471573 0.06982021 0.2132069
v 0.4057225 -0.02419551 0.3560743
v 0.1427521 -0.02437945 0.2219756
v 0.4079254 0.02290432 0.3516899
v 0.1449543 0.02272044 0.2175912
v 0.4674402 0.352634 0.3434849
v 0.4233451 0.3526032 0.3209991
v 0.002543926 0.3061312 0.1218119
v 0.004746795 0.3532311 0.1174275
v 0.4189395 0.2584035 0.3297679
v 0.4211422 0.3055034 0.3253835
v 0.03392327 0.2119561 0.1488336
v 0.03612602 0.2590559 0.1444491
v 0.4145339 0.1642038 0.3385368
v 0.4167367 0.2113037 0.3341523
v 0.412331 0.117104 0.3429213
v 0.4101282 0.07000412 0.3473056
v 0.4079255 0.02290429 0.35169
v 0.4127991 0.1169966 0.3420032
v 0.1498283 0.1168127 0.2079045
v 0.415002 0.1640964 0.3376187
v 0.1520313 0.1639125 0.2035201
v 0.03792727 0.211038 0.140983
v 0.04013002 0.2581379 0.1365986
v -0.5321074 0.2115584 -0.1398144
v -0.5299046 0.2586582 -0.1441988
v 0.006547928 0.3052132 0.1139613
v 0.008750796 0.3523131 0.1095769
v -0.296598 0.3059217 -0.03073448
v -0.2943951 0.3530215 -0.03511894
v -0.2923219 0.1165057 -0.01755822
v -0.2901189 0.1636056 -0.02194262
v -0.5318062 0.1173678 -0.1286267
v -0.5296032 0.1644677 -0.1330111
v -0.3695285 0.0223635 -0.0447413
v -0.3673256 0.06946333 -0.04912567
v -0.540844 0.02316518 -0.1222048
v -0.5386412 0.07026501 -0.1265891
v -0.2164334 -0.02463292 0.03882295
v -0.2142311 0.022467 0.03443849
v -0.5432008 -0.0239435 -0.1179076
v -0.5409985 0.02315639 -0.1222921
v -0.5281034 0.2106403 -0.1476649
v -0.5259006 0.2577401 -0.1520493
v -0.5599637 0.2115389 -0.1540196
v -0.557761 0.2586388 -0.1584041
v -0.292594 0.3050036 -0.03858504
v -0.290391 0.3521035 -0.04296944
v -0.5236771 0.3057627 -0.1465322
v -0.5214742 0.3528626 -0.1509167
v -0.5196731 0.3048447 -0.1543827
v -0.5174701 0.3519446 -0.1587672
v -0.5594696 0.3057377 -0.1647844
v -0.5572668 0.3528376 -0.1691689
v -0.5273342 0.1163424 -0.1373954
v -0.5251311 0.1634423 -0.1417798
v -0.5676048 0.1173431 -0.1468811
v -0.5654018 0.1644429 -0.1512654
v -0.539197 -0.0248615 -0.1257583
v -0.5369948 0.02223842 -0.1301427
v -0.5710633 -0.0239632 -0.1321148
v -0.5688611 0.02313669 -0.1364993
v -0.5368403 0.02224712 -0.1300553
v -0.5346375 0.06934698 -0.1344397
v -0.5687064 0.0231459 -0.136412
v -0.5665035 0.07024573 -0.1407963
v -0.5647027 0.02222784 -0.1442625
v -0.5624998 0.0693277 -0.1486469
v -0.5670595 -0.0248812 -0.1399655
v -0.5648572 0.02221869 -0.1443499
v -0.5631328 0.1163176 -0.1556497
v -0.5609298 0.1634175 -0.1600342
v -0.5559596 0.2106209 -0.1618701
v -0.5537569 0.2577207 -0.1662545
v -0.5117375 0.3048503 -0.1503359
v -0.5157415 0.3057683 -0.1424854
v -0.5532627 0.3519196 -0.1770194
v -0.5554656 0.3048197 -0.172635
v -0.5708423 -0.02394648 -0.1420332
v -0.5350497 -0.02392147 -0.1237809
v -0.5748463 -0.02302851 -0.1341826
v -0.5390537 -0.02300347 -0.1159304
v -0.5271141 -0.02391587 -0.119734
v -0.5311182 -0.02299787 -0.1118835
v 0.5112936 -0.2252265 0.08217734
v 0.5150151 -0.1456571 0.07477051
v 0.5862837 -0.1456073 0.1111131
v 0.5825622 -0.2251767 0.11852
v 0.5474453 -0.2335155 0.01129466
v 0.6187139 -0.2334657 0.04763728
v 0.6224353 -0.1538963 0.04023045
v 0.5511668 -0.1539461 0.003887832
v 0.5829246 -0.2953914 0.1363962
v 0.4966897 -0.2954516 0.09242165
v 0.6266681 -0.3054211 0.05062819
v 0.5404332 -0.3054813 0.006653607
v 0.5819778 -0.3156348 0.1382806
v 0.4957429 -0.3156951 0.09430605
v 0.6257213 -0.3256645 0.05251259
v 0.5394864 -0.3257248 0.008538008
v 0.3848102 -0.1962257 0.3301754
v 0.3885317 -0.1166563 0.3227686
v 0.4598002 -0.1166065 0.3591112
v 0.4560789 -0.1961759 0.366518
v 0.4209619 -0.2045147 0.2592927
v 0.4922304 -0.2044649 0.2956353
v 0.4959519 -0.1248955 0.2882285
v 0.4246832 -0.1249453 0.2518859
v 0.4565275 -0.2645488 0.3842228
v 0.3702924 -0.2646091 0.3402482
v 0.5002708 -0.2745786 0.2984548
v 0.4140359 -0.2746388 0.2544802
v 0.455559 -0.285255 0.3861502
v 0.369324 -0.2853153 0.3421757
v 0.4993024 -0.2952847 0.3003822
v 0.4130675 -0.2953449 0.2564076
v -0.4568569 -0.205129 -0.188339
v -0.4531357 -0.1255596 -0.1957459
v -0.5244043 -0.1256095 -0.2320884
v -0.5281255 -0.2051789 -0.2246816
v -0.4930085 -0.19684 -0.1174563
v -0.5642771 -0.19689 -0.1537988
v -0.5605559 -0.1173206 -0.1612057
v -0.4892873 -0.1172706 -0.1248631
v -0.5345672 -0.2649522 -0.2304576
v -0.4483323 -0.2648917 -0.1864831
v -0.5783107 -0.2549225 -0.1446895
v -0.4920757 -0.2548621 -0.100715
v -0.5355356 -0.2856584 -0.2285301
v -0.4493006 -0.2855979 -0.1845556
v -0.5792791 -0.2756287 -0.142762
v -0.4930441 -0.2755682 -0.09878749
v -0.3303736 -0.2341297 -0.4363369
v -0.3266524 -0.1545603 -0.4437438
v -0.397921 -0.1546102 -0.4800863
v -0.4016423 -0.2341796 -0.4726795
v -0.3665252 -0.2258407 -0.3654542
v -0.4377939 -0.2258907 -0.4017968
v -0.4340726 -0.1463213 -0.4092036
v -0.3628039 -0.1462713 -0.3728611
v -0.4081056 -0.2944111 -0.4784129
v -0.3218704 -0.2943507 -0.4344385
v -0.4518489 -0.2843814 -0.3926448
v -0.3656139 -0.284321 -0.3486704
v -0.4090307 -0.314192 -0.4765716
v -0.3227956 -0.3141316 -0.4325971
v -0.452774 -0.3041623 -0.3908035
v -0.366539 -0.3041018 -0.346829
vn -0.4518928 0.103612 0.8860347
vn 0.04651645 0.9946176 -0.09258536
vn -0.8908584 -0.000623566 -0.4542807
vn 0.04651639 0.9946176 -0.09258527
vn -0.04651619 -0.9946176 0.09258523
vn -0.4352959 -0.2848967 0.8540207
vn 0.8908582 0.0006241941 0.454281
vn 0.5005373 -0.2476768 -0.8295291
vn -0.8908582 -0.0006243148 -0.4542811
vn 0.2866441 -0.7765661 -0.5610528
vn -0.3524283 -0.6300366 0.6919886
vn 0.8908592 0.0006222116 0.454279
vn 0.352428 0.6300367 -0.6919886
vn -0.8908591 -0.0006224142 -0.4542794
vn 0.2866437 -0.7765661 -0.561053
vn -0.2159081 -0.8792557 0.4246095
vn 0.8908578 0.0006246217 0.4542818
vn -0.1262136 -0.9849676 0.1179364
vn -0.8908587 -0.0006232555 -0.4542803
vn 0.4518944 -0.1036123 -0.8860338
vn -0.04651645 -0.9946176 0.09258556
vn -0.4518937 0.1036123 0.8860343
vn -0.4518935 0.103611 0.8860345
vn -0.8908584 -0.0006234843 -0.4542808
vn 0.4518951 -0.1036124 -0.8860335
vn 0.3642195 -0.8468125 0.3876245
vn -0.4518946 0.1036123 0.8860338
vn -0.3996966 0.4763485 0.7831569
vn -0.8908578 -0.0006242162 -0.454282
vn 0.2866438 -0.7765664 -0.5610524
vn -0.3524297 -0.6300352 0.6919892
vn -0.2866436 0.7765663 0.5610529
vn -0.8908581 -0.0006239238 -0.4542813
vn 0.286644 -0.776566 -0.5610531
vn 0.1352015 0.1759219 -0.9750754
vn -0.2866436 0.7765654 0.5610541
vn -0.129954 0.9585588 0.253529
vn -0.8908584 -0.0006216017 -0.4542807
vn -0.04651858 -0.9946176 0.09258466
vn 0.04651797 0.9946173 -0.09258761
vn 0.4518933 -0.1036125 -0.8860344
vn -0.04651666 -0.9946176 0.09258547
vn -0.4518936 0.1036125 0.8860343
vn 0.4518928 -0.1036119 -0.8860347
vn -0.04651607 -0.9946176 0.09258519
vn -0.4518928 0.1036119 0.8860347
vn 0.04651648 0.9946176 -0.09258545
vn 0.2159102 0.8792555 -0.4246087
vn 0.2866438 -0.7765667 -0.5610521
vn -0.004822109 -0.8839102 0.467632
vn -0.4518951 0.1036119 0.8860335
vn 0.04651921 0.9946174 -0.09258618
vn 0.4518933 -0.1036131 -0.8860343
vn -0.04651847 -0.9946176 0.09258467
vn -0.4518912 0.1036127 0.8860354
vn 0.215909 0.8792554 -0.4246096
vn 0.2866452 -0.7765667 -0.5610514
vn -0.2866425 0.7765661 0.5610536
vn 0.3524343 0.6300339 -0.6919881
vn 0.286643 -0.7765653 -0.5610545
vn -0.3524325 -0.6300361 0.6919869
vn -0.2866442 0.7765664 0.5610524
vn -0.8908567 -0.0006201573 -0.4542842
vn -0.04651917 -0.9946176 0.09258414
vn -0.6221992 -0.03109439 0.7822413
vn -0.2866436 0.7765645 0.5610553
vn -0.4518927 0.1036119 0.8860348
vn 0.2159055 0.8792556 -0.4246109
vn 0.2866448 -0.7765672 -0.5610511
vn -0.4519006 0.103612 0.8860307
vn 0.04651681 0.9946176 -0.09258558
vn 0.4518905 -0.1036134 -0.8860357
vn -0.04651824 -0.9946176 0.09258455
vn 0.8908583 0.0006221753 0.4542809
vn 0.2159106 0.8792565 -0.4246065
vn 0.2866498 -0.7765672 -0.5610484
vn 0.8908579 0.0006238326 0.4542818
vn 0.3524384 0.6300327 -0.691987
vn 0.2866447 -0.7765651 -0.5610539
vn -0.3524376 -0.6300346 0.6919856
vn 0.8908567 0.0006225588 0.4542839
vn -0.890856 -0.0006202277 -0.4542854
vn -0.04651834 -0.9946175 0.09258536
vn 0.8908584 0.0006219123 0.4542807
vn 0.4518929 -0.1036113 -0.8860348
vn -0.04651629 -0.9946176 0.09258527
vn -0.4518928 0.1036118 0.8860347
vn 0.8908581 0.0006235453 0.4542814
vn 0.04651746 0.9946177 -0.0925842
vn 0.04651693 0.9946176 -0.09258531
vn 0.04651854 0.9946175 -0.09258553
vn 0.04651757 0.9946175 -0.09258649
vn 0.04651646 0.9946176 -0.09258516
vn 0.04651793 0.9946176 -0.09258479
vn 0.04651746 0.9946177 -0.0925842
vn 0.04651654 0.9946176 -0.09258518
vn 0.04651654 0.9946176 -0.09258518
vn 0.04651903 0.9946176 -0.09258471
vn 0.04651765 0.9946177 -0.09258416
vn 0.04651743 0.9946175 -0.092586
vn 0.04651685 0.9946176 -0.09258529
vn 0.04651783 0.9946176 -0.09258431
vn 0.2159093 0.8792562 -0.4246078
vn 0.04651899 0.9946175 -0.09258513
vn 0.04651856 0.9946176 -0.09258455
vn 0.04651869 0.9946176 -0.09258459
vn 0.04651874 0.9946176 -0.0925846
vn 0.04651862 0.9946175 -0.09258501
vn -0.8908572 -0.0006242181 -0.454283
vn -0.8908578 -0.0006261765 -0.4542819
vn 0.2159097 0.8792562 -0.4246076
vn 0.04651654 0.9946176 -0.09258518
vn 0.04651635 0.9946176 -0.09258512
vn -0.8908584 -0.0006235694 -0.4542807
vn -0.8908583 -0.0006246988 -0.4542809
vn -0.8908584 -0.0006242348 -0.4542808
vn -0.8908577 -0.0006244031 -0.4542821
vn -0.8908584 -0.000624069 -0.4542807
vn -0.8908582 -0.0006230377 -0.4542812
vn 0.4518953 -0.1036113 -0.8860335
vn 0.8908588 0.000622605 0.45428
vn 0.8908573 0.0006249738 0.4542829
vn 0.8908581 0.0006232339 0.4542814
vn 0.8908581 0.0006236389 0.4542813
vn 0.8908581 0.0006237384 0.4542814
vn 0.8908584 0.0006246831 0.4542807
vn 0.8908582 0.0006247108 0.4542812
vn 0.8908583 0.0006241777 0.4542809
vn 0.8908584 0.0006241769 0.4542808
vn 0.8908589 0.0006250386 0.4542798
vn 0.8908579 0.0006241702 0.4542816
vn 0.890858 0.0006243957 0.4542814
vn 0.890858 0.0006243709 0.4542814
vn 0.8908578 0.000624146 0.4542818
vn 0.8908585 0.0006242489 0.4542806
vn 0.8908581 0.0006232807 0.4542814
vn 0.04651688 0.9946176 -0.09258531
vn -0.8908577 -0.0006250578 -0.454282
vn 0.399694 -0.4763485 -0.7831582
vn 0.890857 0.0006234162 0.4542834
vn 0.8908576 0.0006204883 0.4542822
vn 0.2159079 0.8792558 -0.4246093
vn -0.8908561 -0.0006200434 -0.4542852
vn 0.1299554 -0.958558 -0.2535314
vn 0.8908578 0.0006208631 0.4542819
vn 0.4352961 0.2848985 -0.8540201
vn 0.129954 -0.9585577 -0.2535335
vn 0.8908547 0.0006190956 0.4542881
vn -0.1299551 0.9585569 0.2535361
vn 0.435298 0.284898 -0.8540192
vn 0.1299558 -0.9585581 -0.2535309
vn 0.8908589 0.0006200008 0.4542796
vn -0.1299549 0.9585582 0.2535309
vn 0.4352944 0.2848966 -0.8540215
vn -0.8908586 -0.0006244688 -0.4542803
vn 0.4518937 -0.1036088 -0.8860346
vn 0.890859 0.0006241176 0.4542795
vn -0.4518935 0.1036103 0.8860345
vn 0.04651583 0.9946177 -0.09258497
vn 0.4518934 -0.1036101 -0.8860347
vn 0.8908575 0.000624584 0.4542825
vn -0.4518941 0.1036112 0.8860341
vn 0.04651606 0.9946176 -0.09258503
vn 0.4518941 -0.1036108 -0.8860342
vn 0.8908592 0.0006252094 0.4542792
vn -0.4518939 0.1036108 0.8860343
vn 0.0465166 0.9946176 -0.09258521
vn 0.4518932 -0.1036097 -0.8860348
vn 0.8908578 0.0006240914 0.4542819
vn -0.4518932 0.1036111 0.8860346
vn 0.04651637 0.9946176 -0.09258513
vn -0.8908581 -0.0006245507 -0.4542814
vn 0.451893 -0.1036111 -0.8860347
vn 0.8908588 0.0006243006 0.4542799
vn -0.4518942 0.1036106 0.8860341
vn 0.0465169 0.9946175 -0.09258583
vn 0.4518943 -0.1036112 -0.8860341
vn 0.8908578 0.0006258006 0.454282
vn -0.4518939 0.1036094 0.8860344
vn 0.0465157 0.9946177 -0.09258492
vn 0.4518923 -0.1036075 -0.8860355
vn 0.8908589 0.000629897 0.4542797
vn -0.4518942 0.1036087 0.8860344
vn 0.04651883 0.9946176 -0.09258463
vn 0.4518926 -0.1036123 -0.8860348
vn 0.8908566 0.0006251 0.4542843
vn -0.4518945 0.1036123 0.8860338
vn 0.04651786 0.9946176 -0.09258477
vn 0.4518934 -0.1036068 -0.886035
vn 0.8908594 0.0006280597 0.4542786
vn -0.4518948 0.1036078 0.8860342
vn 0.0465179 0.9946176 -0.09258424
vn -0.8908607 -0.000631137 -0.4542763
vn 0.2866449 -0.7765656 -0.5610533
vn 0.8908594 0.0006256044 0.4542788
vn 0.3524289 0.6300351 -0.6919896
vn 0.4518928 -0.1036115 -0.8860348
vn 0.451893 -0.1036127 -0.8860345
vn 0.4518927 -0.1036113 -0.8860348
vn 0.4518929 -0.1036128 -0.8860346
vn 0.4518929 -0.1036119 -0.8860347
vn 0.4518929 -0.1036115 -0.8860347
vn 0.4518926 -0.1036128 -0.8860347
vn 0.4518928 -0.1036118 -0.8860347
vn 0.4518926 -0.1036125 -0.8860347
vn 0.4518927 -0.1036115 -0.8860348
vn 0.4518927 -0.1036121 -0.8860347
vn 0.4518929 -0.1036115 -0.8860347
vn 0.4518926 -0.1036125 -0.8860347
vn 0.451893 -0.1036125 -0.8860345
vn 0.4518929 -0.1036121 -0.8860347
vn -0.4518942 0.1036125 0.886034
vn 0.04651656 0.9946177 -0.0925851
vn -0.04652029 -0.9946169 0.09259121
vn 0.8908582 0.0006232285 0.4542811
vn 0.04651754 0.9946176 -0.09258521
vn -0.04651633 -0.9946177 0.09258498
vn -0.4352969 -0.2848978 0.8540199
vn -0.8908579 -0.00062244 -0.4542818
vn 0.3870286 0.67792 -0.6250066
vn 0.8908579 0.0006232419 0.4542817
vn 0.2866437 -0.7765666 -0.5610524
vn -0.3524306 -0.630035 0.6919888
vn -0.8908572 -0.0006250636 -0.4542832
vn 0.3524296 0.6300363 -0.6919883
vn 0.8908576 0.0006237145 0.4542822
vn 0.2866455 -0.7765664 -0.5610516
vn -0.2159078 -0.8792561 0.4246088
vn -0.89086 -0.0006218325 -0.4542775
vn 0.08466351 -0.9308195 -0.3555381
vn 0.8908577 0.0006240101 0.454282
vn 0.4518928 -0.1036142 -0.8860345
vn -0.04651684 -0.9946175 0.09258612
vn -0.4518936 0.1036133 0.8860342
vn 0.4518895 -0.1036205 -0.8860353
vn 0.8908583 0.0006239443 0.4542809
vn 0.4518937 -0.1036121 -0.8860343
vn -0.5437735 -0.3276018 0.7726496
vn -0.4518928 0.1036114 0.8860347
vn 0.3996898 -0.4763578 -0.7831548
vn 0.8908578 0.0006241241 0.4542819
vn 0.286646 -0.7765659 -0.5610522
vn -0.3524305 -0.630034 0.6919897
vn 0.2866479 -0.7765608 -0.5610582
vn 0.8908597 0.0006177416 0.4542783
vn 0.2866459 -0.7765666 -0.5610513
vn -0.235446 -0.9503095 -0.203659
vn -0.2866463 0.7765653 0.5610529
vn 0.1299618 -0.9585562 -0.2535351
vn 0.8908572 0.0006286669 0.4542832
vn -0.0465151 -0.9946175 0.09258743
vn 0.04651705 0.9946175 -0.09258652
vn 0.4518936 -0.1036094 -0.8860346
vn -0.04651674 -0.9946176 0.09258612
vn -0.4518935 0.1036124 0.8860343
vn 0.4518944 -0.1036128 -0.8860337
vn -0.04651684 -0.9946176 0.09258525
vn -0.4518946 0.1036124 0.8860338
vn 0.04651638 0.9946177 -0.09258498
vn 0.2159064 0.8792569 -0.4246078
vn 0.2866447 -0.7765665 -0.561052
vn -0.4986228 -0.1458148 0.8544667
vn -0.4518921 0.1036136 0.8860348
vn 0.046515 0.9946176 -0.09258588
vn 0.4518935 -0.1036105 -0.8860345
vn -0.04651506 -0.9946176 0.09258683
vn -0.4518992 0.1036127 0.8860314
vn 0.2159057 0.8792579 -0.4246061
vn 0.2866429 -0.7765681 -0.5610508
vn -0.2866466 0.7765663 0.5610513
vn 0.3524256 0.6300355 -0.6919909
vn 0.2866464 -0.7765665 -0.5610511
vn -0.3524255 -0.6300339 0.6919925
vn -0.2866456 0.7765668 0.5610512
vn -0.8908715 -0.0006369157 -0.4542551
vn -0.04651434 -0.9946175 0.09258772
vn -0.5663207 0.7465433 0.3492192
vn -0.2866466 0.776564 0.5610545
vn -0.4518947 0.1036136 0.8860335
vn 0.2159068 0.8792551 -0.4246114
vn 0.2866435 -0.7765683 -0.5610501
vn -0.4518824 0.1036108 0.8860401
vn 0.04651052 0.9946175 -0.09258911
vn 0.4518909 -0.1036114 -0.8860358
vn -0.04651516 -0.9946176 0.09258702
vn 0.2159058 0.8792545 -0.4246131
vn 0.2866356 -0.7765686 -0.5610538
vn 0.3524255 0.6300303 -0.6919957
vn 0.2866445 -0.7765661 -0.5610526
vn -0.3524218 -0.6300341 0.6919941
vn -0.8908674 -0.0006308599 -0.4542632
vn -0.04651703 -0.9946176 0.09258565
vn 0.4518939 -0.1036138 -0.8860339
vn -0.04651687 -0.9946175 0.0925858
vn -0.4518942 0.1036125 0.8860338
vn -0.8908626 -0.0006220475 -0.4542724
vn -0.8908582 -0.0006226493 -0.454281
vn -0.89086 -0.0006222469 -0.4542777
vn -0.89086 -0.0006228719 -0.4542776
vn -0.8908579 -0.0006236047 -0.4542817
vn 0.04651563 0.9946178 -0.09258313
vn 0.046513 0.994618 -0.09258313
vn 0.04651511 0.994618 -0.09258235
vn 0.04651209 0.9946181 -0.09258211
vn 0.04651458 0.9946178 -0.09258515
vn 0.04651645 0.9946176 -0.09258563
vn 0.04651583 0.9946178 -0.09258372
vn 0.04651368 0.9946178 -0.09258411
vn 0.04651364 0.9946178 -0.09258513
vn 0.0465158 0.9946177 -0.09258434
vn 0.04651663 0.9946177 -0.09258509
vn 0.04651416 0.9946177 -0.09258538
vn 0.04651409 0.9946178 -0.09258504
vn 0.04651636 0.9946177 -0.09258477
vn -0.8908572 -0.0006413747 -0.4542831
vn -0.8908553 -0.0006364814 -0.4542867
vn -0.8908578 -0.0006367476 -0.454282
vn -0.8908552 -0.0006411691 -0.4542871
vn -0.8908581 -0.0006398418 -0.4542812
vn -0.8908548 -0.0006396715 -0.4542878
vn -0.8908573 -0.0006409751 -0.4542827
vn -0.8908542 -0.0006439742 -0.454289
vn -0.8908578 -0.0006397518 -0.4542819
vn -0.21587 -0.8792524 0.4246355
vn -0.0464839 -0.9946166 0.09261329
vn -0.04648213 -0.9946173 0.09260606
vn -0.04648427 -0.9946172 0.09260675
vn -0.0464991 -0.9946173 0.09259801
vn -0.0464953 -0.9946171 0.09260112
vn -0.04648788 -0.9946174 0.09260269
vn -0.04651195 -0.9946172 0.09259249
vn -0.04647615 -0.9946175 0.09260774
vn 0.3996926 -0.4763582 -0.7831531
vn 0.8908578 0.0006196123 0.4542818
vn -0.3996905 0.476361 0.7831524
vn 0.2159081 0.8792534 -0.4246142
vn 0.1299571 -0.9585579 -0.253531
vn 0.8908563 0.0006220673 0.4542847
vn -0.1299634 0.9585552 0.2535381
vn 0.4352951 0.2848958 -0.8540215
vn 0.8908526 0.000622266 0.4542922
vn -0.1299594 0.9585561 0.2535366
vn -0.8908551 -0.000621091 -0.4542871
vn 0.4352992 0.2848962 -0.8540193
vn 0.4518934 -0.1036192 -0.8860336
vn 0.8908603 0.0006251909 0.4542771
vn -0.451894 0.1036174 0.8860335
vn 0.0465186 0.9946172 -0.09258954
vn 0.4518918 -0.1036173 -0.8860347
vn 0.8908576 0.0006251423 0.4542822
vn -0.4518938 0.1036145 0.886034
vn 0.04651754 0.9946175 -0.09258659
vn 0.4518929 -0.1036152 -0.8860342
vn 0.8908575 0.0006255108 0.4542825
vn -0.4518943 0.1036103 0.8860341
vn 0.04651762 0.9946174 -0.09258752
vn 0.4518934 -0.1036114 -0.8860345
vn 0.8908579 0.0006251141 0.4542816
vn -0.4518934 0.1036122 0.8860344
vn 0.04651686 0.9946176 -0.09258559
vn 0.4518932 -0.1036114 -0.8860346
vn 0.8908603 0.0006224383 0.454277
vn -0.4518937 0.10361 0.8860344
vn 0.04651783 0.9946174 -0.09258726
vn 0.4518941 -0.1036062 -0.8860347
vn 0.8908579 0.0006225426 0.4542817
vn -0.4518937 0.1036115 0.8860343
vn 0.04651724 0.9946176 -0.0925855
vn 0.4518944 -0.1036078 -0.8860344
vn 0.8908603 0.0006226727 0.4542769
vn -0.4518938 0.1036074 0.8860347
vn 0.04651688 0.9946176 -0.09258527
vn 0.4518935 -0.1036088 -0.8860347
vn 0.8908577 0.0006210794 0.4542821
vn -0.4518938 0.1036045 0.8860351
vn 0.04651694 0.9946176 -0.09258616
vn 0.890858 0.0006184134 0.4542816
vn -0.4518931 0.103604 0.8860355
vn -0.8908579 -0.0006224057 -0.4542817
vn -0.8908578 -0.0006213452 -0.4542819
vn -0.8908569 -0.0006233411 -0.4542837
vn -0.8908603 -0.0006228503 -0.4542769
vn -0.8908581 -0.0006224046 -0.4542814
vn -0.890858 -0.0006227837 -0.4542816
vn -0.8908575 -0.0006230538 -0.4542825
vn -0.8908604 -0.0006228652 -0.4542767
vn -0.8908588 -0.0006238318 -0.45428
vn -0.8908578 -0.0006247784 -0.4542819
vn -0.8908592 -0.0006255045 -0.454279
vn -0.890858 -0.0006263677 -0.4542816
vn -0.8908596 -0.0006257951 -0.4542783
vn -0.8908575 -0.0006248825 -0.4542826
vn -0.8908578 -0.0006259326 -0.454282
vn -0.89086 -0.0006216863 -0.4542777
vn 0.04651718 0.9946175 -0.09258585
vn 0.8908556 0.0006171681 0.4542863
vn -0.3996896 0.476354 0.7831571
vn -0.8908568 -0.0006141061 -0.4542839
vn -0.890857 -0.0006166525 -0.4542834
vn 0.2159088 0.8792551 -0.4246104
vn 0.890851 0.0006028525 0.4542952
vn -0.2866444 0.7765642 0.5610554
vn -0.8908507 -0.0006165631 -0.454296
vn 0.3524279 0.6300391 -0.6919865
vn 0.3996923 -0.4763523 -0.7831569
vn 0.890857 0.0006389795 0.4542834
vn -0.3996919 0.476352 0.7831572
vn 0.2159103 0.8792526 -0.4246147
vn 0.4518935 -0.1036221 -0.8860332
vn 0.8908539 0.0006473511 0.4542893
vn -0.4518939 0.1036219 0.8860329
vn 0.04651824 0.9946168 -0.0925938
vn 0.4518939 -0.1036181 -0.8860334
vn 0.8908578 0.0006425268 0.454282
vn -0.4518937 0.1036142 0.886034
vn 0.04651584 0.9946173 -0.09258832
vn 0.4518939 -0.103613 -0.8860341
vn 0.8908547 0.0006420243 0.4542881
vn -0.4518923 0.1036177 0.8860343
vn 0.04651669 0.9946172 -0.09259055
vn 0.4518938 -0.1036089 -0.8860346
vn 0.8908585 0.0006389926 0.4542805
vn -0.4518939 0.1036108 0.8860343
vn 0.04651432 0.9946176 -0.09258635
vn 0.4518935 -0.1036128 -0.8860343
vn 0.8908555 0.0006406572 0.4542864
vn -0.4518928 0.1036136 0.8860345
vn 0.04651624 0.9946173 -0.09258842
vn 0.4518934 -0.1036062 -0.886035
vn 0.8908581 0.0006368516 0.4542812
vn -0.451893 0.10361 0.8860348
vn 0.04651504 0.9946175 -0.09258697
vn 0.4518945 -0.1036101 -0.8860341
vn 0.8908556 0.0006328339 0.4542863
vn -0.4518936 0.1036119 0.8860343
vn 0.0465157 0.9946175 -0.0925874
vn 0.4518938 -0.1036077 -0.8860347
vn 0.8908569 0.0006413969 0.4542837
vn -0.4518942 0.1036027 0.886035
vn 0.04651589 0.9946175 -0.09258731
vn 0.3997118 -0.4763522 -0.783147
vn 0.215869 0.8792531 -0.4246348
